* Produced by Spinach GUI 1.0.400 
*--------------------------------------------------------------------
*System Name:alanine 
**A basic SpinEvolution simulation route is appended after 
**'The System' section with random values.
**Please edit as appropriate for your specific case.
*--------------------------------------------------------------------
****** The System *******
spectrometer(MHz)  500
spinning_freq(kHz) 10.0
channels           N14 H1 C13 O17
nuclei             N14 H1 C13 H1 C13 C13 H1 H1 H1 O17 O17 H1 H1
atomic_coords      1.154734 -1.215632 0.075079 0.19854 -1.6765 -0.197148 0.607027 0.145008 0.411527 0.686119 0.270513 1.500968 1.32413 1.277816 -0.30652 -0.915551 0.03412 0.042919 1.307734 1.129804 -1.399312 0.790534 2.212499 -0.086024 2.369343 1.379822 0.023335 -1.261472 -1.137288 -0.322507 -1.60577 1.057201 0.149161 1.61183 -1.694535 0.854277 1.797058 -1.21315 -0.722432 
cs_isotropic       -340.3985 15.7220 48.8132 5.1338 12.2618 158.7158 2.9937 3.8596 3.4508 230.3130 253.3477 6.0281 5.1228  ppm 
csa_parameters     1 -27.1083 0.8922 134.3249 23.9639 329.9751 ppm 
csa_parameters     2 -15.9437 0.3070 8.5623 168.8346 20.1280 ppm 
csa_parameters     3 -28.5841 0.8560 154.4611 11.6650 341.5240 ppm 
csa_parameters     4 -3.8268 0.9185 348.8603 88.1679 17.0088 ppm 
csa_parameters     5 -16.7861 0.8202 318.4595 139.3311 193.1951 ppm 
csa_parameters     6 80.3527 0.5062 13.8238 74.5724 13.6580 ppm 
csa_parameters     7 -5.0155 0.3314 19.2596 83.4355 335.9188 ppm 
csa_parameters     8 -5.7432 0.6238 112.8754 14.7241 352.9799 ppm 
csa_parameters     9 -5.7365 0.3003 283.1001 151.7307 304.8123 ppm 
csa_parameters     10 -254.1411 0.6735 199.0643 93.9267 310.6851 ppm 
csa_parameters     11 -317.2753 0.3539 8.7749 104.4603 257.5648 ppm 
csa_parameters     12 -9.7225 0.2314 228.0578 110.5309 19.5636 ppm 
csa_parameters     13 -8.2546 0.4096 164.7501 45.9638 3.7626 ppm 
j_coupling         2 1 43.8548 0.0000 0.0000 0.0000 0.0000 0.0000 
j_coupling         3 1 2.8282 0.0000 0.0000 0.0000 0.0000 0.0000 
j_coupling         3 2 -3.4630 0.0000 0.0000 0.0000 0.0000 0.0000 
j_coupling         4 1 0.6141 0.0000 0.0000 0.0000 0.0000 0.0000 
j_coupling         4 2 1.3978 0.0000 0.0000 0.0000 0.0000 0.0000 
j_coupling         4 3 148.5750 0.0000 0.0000 0.0000 0.0000 0.0000 
j_coupling         5 1 0.3235 0.0000 0.0000 0.0000 0.0000 0.0000 
j_coupling         5 2 2.4102 0.0000 0.0000 0.0000 0.0000 0.0000 
j_coupling         5 3 38.4895 0.0000 0.0000 0.0000 0.0000 0.0000 
j_coupling         5 4 -3.1131 0.0000 0.0000 0.0000 0.0000 0.0000 
j_coupling         6 1 0.5079 0.0000 0.0000 0.0000 0.0000 0.0000 
j_coupling         6 2 4.4695 0.0000 0.0000 0.0000 0.0000 0.0000 
j_coupling         6 3 45.4789 0.0000 0.0000 0.0000 0.0000 0.0000 
j_coupling         6 4 -4.2355 0.0000 0.0000 0.0000 0.0000 0.0000 
j_coupling         6 5 -0.7856 0.0000 0.0000 0.0000 0.0000 0.0000 
j_coupling         7 1 1.5843 0.0000 0.0000 0.0000 0.0000 0.0000 
j_coupling         7 2 -0.2700 0.0000 0.0000 0.0000 0.0000 0.0000 
j_coupling         7 3 -4.8419 0.0000 0.0000 0.0000 0.0000 0.0000 
j_coupling         7 4 14.2187 0.0000 0.0000 0.0000 0.0000 0.0000 
j_coupling         7 5 131.1570 0.0000 0.0000 0.0000 0.0000 0.0000 
j_coupling         8 1 4.8196 0.0000 0.0000 0.0000 0.0000 0.0000 
j_coupling         8 2 -0.6962 0.0000 0.0000 0.0000 0.0000 0.0000 
j_coupling         8 3 -1.3143 0.0000 0.0000 0.0000 0.0000 0.0000 
j_coupling         8 4 2.5352 0.0000 0.0000 0.0000 0.0000 0.0000 
j_coupling         8 5 135.5920 0.0000 0.0000 0.0000 0.0000 0.0000 
j_coupling         9 1 0.2016 0.0000 0.0000 0.0000 0.0000 0.0000 
j_coupling         9 2 -0.9085 0.0000 0.0000 0.0000 0.0000 0.0000 
j_coupling         9 3 -4.4650 0.0000 0.0000 0.0000 0.0000 0.0000 
j_coupling         9 4 6.1783 0.0000 0.0000 0.0000 0.0000 0.0000 
j_coupling         9 5 135.3040 0.0000 0.0000 0.0000 0.0000 0.0000 
j_coupling         10 1 -3.1785 0.0000 0.0000 0.0000 0.0000 0.0000 
j_coupling         10 2 6.0032 0.0000 0.0000 0.0000 0.0000 0.0000 
j_coupling         10 3 -3.8471 0.0000 0.0000 0.0000 0.0000 0.0000 
j_coupling         10 4 -0.1080 0.0000 0.0000 0.0000 0.0000 0.0000 
j_coupling         10 5 0.1036 0.0000 0.0000 0.0000 0.0000 0.0000 
j_coupling         11 1 -0.0533 0.0000 0.0000 0.0000 0.0000 0.0000 
j_coupling         11 2 0.1978 0.0000 0.0000 0.0000 0.0000 0.0000 
j_coupling         11 3 -6.5867 0.0000 0.0000 0.0000 0.0000 0.0000 
j_coupling         11 4 -0.0429 0.0000 0.0000 0.0000 0.0000 0.0000 
j_coupling         11 5 -0.5224 0.0000 0.0000 0.0000 0.0000 0.0000 
j_coupling         12 1 56.0705 0.0000 0.0000 0.0000 0.0000 0.0000 
j_coupling         12 2 -9.8253 0.0000 0.0000 0.0000 0.0000 0.0000 
j_coupling         12 3 -1.5739 0.0000 0.0000 0.0000 0.0000 0.0000 
j_coupling         12 4 9.6409 0.0000 0.0000 0.0000 0.0000 0.0000 
j_coupling         12 5 1.6912 0.0000 0.0000 0.0000 0.0000 0.0000 
j_coupling         13 1 54.4545 0.0000 0.0000 0.0000 0.0000 0.0000 
j_coupling         13 2 -11.0206 0.0000 0.0000 0.0000 0.0000 0.0000 
j_coupling         13 3 -1.6902 0.0000 0.0000 0.0000 0.0000 0.0000 
j_coupling         13 4 6.3222 0.0000 0.0000 0.0000 0.0000 0.0000 
j_coupling         13 5 4.3540 0.0000 0.0000 0.0000 0.0000 0.0000 
j_coupling         7 6 1.9584 0.0000 0.0000 0.0000 0.0000 0.0000 
j_coupling         8 6 1.4972 0.0000 0.0000 0.0000 0.0000 0.0000 
j_coupling         8 7 -15.7744 0.0000 0.0000 0.0000 0.0000 0.0000 
j_coupling         9 6 8.8614 0.0000 0.0000 0.0000 0.0000 0.0000 
j_coupling         9 7 -11.7022 0.0000 0.0000 0.0000 0.0000 0.0000 
j_coupling         9 8 -14.5184 0.0000 0.0000 0.0000 0.0000 0.0000 
j_coupling         10 6 34.0326 0.0000 0.0000 0.0000 0.0000 0.0000 
j_coupling         10 7 -0.0292 0.0000 0.0000 0.0000 0.0000 0.0000 
j_coupling         10 8 0.1260 0.0000 0.0000 0.0000 0.0000 0.0000 
j_coupling         10 9 -0.3447 0.0000 0.0000 0.0000 0.0000 0.0000 
j_coupling         11 6 31.2384 0.0000 0.0000 0.0000 0.0000 0.0000 
j_coupling         11 7 -0.0742 0.0000 0.0000 0.0000 0.0000 0.0000 
j_coupling         11 8 -0.0020 0.0000 0.0000 0.0000 0.0000 0.0000 
j_coupling         11 9 0.0618 0.0000 0.0000 0.0000 0.0000 0.0000 
j_coupling         11 10 -4.1097 0.0000 0.0000 0.0000 0.0000 0.0000 
j_coupling         12 6 3.0382 0.0000 0.0000 0.0000 0.0000 0.0000 
j_coupling         12 7 -0.8434 0.0000 0.0000 0.0000 0.0000 0.0000 
j_coupling         12 8 -0.4095 0.0000 0.0000 0.0000 0.0000 0.0000 
j_coupling         12 9 -0.4188 0.0000 0.0000 0.0000 0.0000 0.0000 
j_coupling         12 10 0.6839 0.0000 0.0000 0.0000 0.0000 0.0000 
j_coupling         13 6 1.0084 0.0000 0.0000 0.0000 0.0000 0.0000 
j_coupling         13 7 0.2720 0.0000 0.0000 0.0000 0.0000 0.0000 
j_coupling         13 8 -1.1444 0.0000 0.0000 0.0000 0.0000 0.0000 
j_coupling         13 9 -0.1340 0.0000 0.0000 0.0000 0.0000 0.0000 
j_coupling         13 10 0.7563 0.0000 0.0000 0.0000 0.0000 0.0000 
j_coupling         12 11 0.0247 0.0000 0.0000 0.0000 0.0000 0.0000 
j_coupling         13 11 0.0471 0.0000 0.0000 0.0000 0.0000 0.0000 
j_coupling         13 12 -12.7768 0.0000 0.0000 0.0000 0.0000 0.0000 
quadrupole         * 
dip_switchboard    *
csa_switchboard    *
exchange_nuclei    *
bond_len_nuclei    *
bond_ang_nuclei    *
tors_ang_nuclei    *
groups_nuclei      *
******* Pulse Sequence ******************************
CHN 1
timing(usec)       (4   4)
power(kHz)         125 125
phase(deg)         0   15
freq_offs(kHz)     0   0
CHN 2
timing(usec)       (4   4)
power(kHz)         125 125
phase(deg)         0   15
freq_offs(kHz)     0   0
CHN 3
timing(usec)       (4   4)
power(kHz)         125 125
phase(deg)         0   15
freq_offs(kHz)     0   0
CHN 4
timing(usec)       (4   4)
power(kHz)         125 125
phase(deg)         0   15
freq_offs(kHz)     0   0
******* Variables ***********************************
******* Options *************************************
rho0               F1x
observables        F1p
EulerAngles        *
n_gamma            *
line_broaden(Hz)   *
zerofill           *
FFT_dimensions     *
options            *
******************************************************
